Queens
queens	0, 2, 4, 56, 58, 3, 63, 6, 57, 70, 
	80, 59, 5, 90, 81, 89, 7, 82, 76, 64, 
	72, 25, 8, 44, 36, 62, 65, 61, 43, 9, 
	47, 53, 42, 68, 41, 46, 17, 10, 71, 67, 
	49, 55, 60, 35, 32, 16, 11, 50, 99, 92, 
	96, 87, 34, 83, 77, 18, 12, 98, 66, 75, 
	91, 74, 86, 95, 93, 84, 19, 13, 94, 31, 
	97, 54, 39, 79, 48, 51, 45, 52, 20, 14, 
	40, 1, 26, 33, 21, 69, 73, 28, 24, 29, 
	37, 85, 15, 78, 23, 38, 27, 22, 30, 88, 
	

Initial
	propagators: 3
	branchers:   1

Summary
	runtime:      0.001 (1.764000 ms)
	solutions:    1
	propagations: 455
	nodes:        138
	failures:     22
	peak depth:   96
	peak memory:  356 KB
